105 170 845 910 51 41 40 48
100 180 835 900 40 37 40 40
110 150 750 800 40 40 40 40
110 150 750 800 40 40 40 40
110 150 750 800 40 40 40 40
110 150 750 800 40 40 40 40
110 150 750 800 40 40 40 40
110 150 750 800 40 40 40 40
110 150 750 800 40 40 40 40
110 150 750 800 40 40 40 40
110 150 750 800 40 40 40 40
110 150 750 800 40 40 40 40
110 150 750 800 40 40 40 40
110 150 750 800 40 40 40 40
110 150 750 800 40 40 40 40
110 150 750 800 40 40 40 40
110 150 750 800 40 40 40 40
110 150 750 800 40 40 40 40
