105 160 745 800 15 1170 51 41 40 53 100 38
105 160 745 800 15 1170 40 37 40 50 100 38
105 160 745 800 15 1170 40 40 40 40 100 38
105 160 745 800 15 1170 40 40 40 40 100 38
105 160 765 830 15 1170 40 40 40 40 100 38
105 160 770 830 15 1170 40 40 40 40 100 38
105 160 760 820 15 1170 40 40 40 40 100 38
105 160 745 800 15 1170 40 40 40 40 100 38
105 160 775 835 15 1170 40 40 40 52 100 38
105 160 745 800 15 1170 40 40 40 58 100 38
105 160 785 855 15 1170 40 33 40 40 100 38
105 160 745 800 15 1170 40 36 40 48 100 38
90 140 745 800 15 1170 40 38 40 42 100 38
105 160 745 800 15 1170 40 40 40 47 100 38
70 120 745 800 15 1170 40 40 40 40 100 38
105 160 745 800 15 1170 40 40 40 55 100 38
105 160 745 800 15 1170 40 40 40 40 100 38
105 160 745 800 15 1170 40 40 40 40 100 38
